<?xml version="1.0"?>
<opencv_storage>
<Essential type_id="opencv-matrix">
  <rows>3</rows>
  <cols>3</cols>
  <dt>f</dt>
  <data>
    -0.27622595 -2.67675304 1.01921952 -5.14588785 1.29594743
    24.24816322 -0.76544762 -24.65458679 1.05190837</data></Essential>
</opencv_storage>
