<?xml version="1.0"?>
<opencv_storage>
<Essential type_id="opencv-matrix">
  <rows>3</rows>
  <cols>3</cols>
  <dt>f</dt>
  <data>
    -0.27622670 -2.67683101 1.01921737 -5.14585733 1.29596221
    24.24817085 -0.76545584 -24.65457916 1.05191970</data></Essential>
</opencv_storage>
