<?xml version="1.0"?>
<opencv_storage>
<Fundamental type_id="opencv-matrix">
  <rows>3</rows>
  <cols>3</cols>
  <dt>f</dt>
  <data>
    1.14780505e-06 1.11129302e-05 -5.63012902e-03 2.13931271e-05
    -5.38287168e-06 -0.06146051 -4.20481106e-03 0.05521743 1.</data></Fundamental>
</opencv_storage>
