<?xml version="1.0"?>
<opencv_storage>
<Rotation type_id="opencv-matrix">
  <rows>3</rows>
  <cols>3</cols>
  <dt>f</dt>
  <data>
    0.94956869 0.02113029 0.31284636 -4.33425931e-03 0.99851602
    -0.05428626 -0.31352916 0.05019257 0.94825113</data></Rotation>
</opencv_storage>
