<?xml version="1.0"?>
<opencv_storage>
<intrinsec type_id="opencv-matrix">
  <rows>3</rows>
  <cols>3</cols>
  <dt>f</dt>
  <data>
    5.66399536e+02 0. 3.07335602e+02 0. 5.67625793e+02 2.60896210e+02 0.
    0. 1.</data></intrinsec>
<distortion type_id="opencv-matrix">
  <rows>4</rows>
  <cols>1</cols>
  <dt>f</dt>
  <data>
    1.56113002e-02 -5.93487406e-03 -3.65598616e-03 1.19160500e-03</data></distortion>
<chessboardplanCoordinates type_id="opencv-matrix">
  <rows>912</rows>
  <cols>3</cols>
  <dt>f</dt>
  <data>
    0. 0. 0. 0. 3. 0. 0. 6. 0. 0. 9. 0. 0. 12. 0. 0. 15. 0. 0. 18. 0. 0.
    21. 0. 3. 0. 0. 3. 3. 0. 3. 6. 0. 3. 9. 0. 3. 12. 0. 3. 15. 0. 3.
    18. 0. 3. 21. 0. 6. 0. 0. 6. 3. 0. 6. 6. 0. 6. 9. 0. 6. 12. 0. 6.
    15. 0. 6. 18. 0. 6. 21. 0. 9. 0. 0. 9. 3. 0. 9. 6. 0. 9. 9. 0. 9.
    12. 0. 9. 15. 0. 9. 18. 0. 9. 21. 0. 12. 0. 0. 12. 3. 0. 12. 6. 0.
    12. 9. 0. 12. 12. 0. 12. 15. 0. 12. 18. 0. 12. 21. 0. 15. 0. 0. 15.
    3. 0. 15. 6. 0. 15. 9. 0. 15. 12. 0. 15. 15. 0. 15. 18. 0. 15. 21.
    0. 0. 0. 0. 0. 3. 0. 0. 6. 0. 0. 9. 0. 0. 12. 0. 0. 15. 0. 0. 18. 0.
    0. 21. 0. 3. 0. 0. 3. 3. 0. 3. 6. 0. 3. 9. 0. 3. 12. 0. 3. 15. 0. 3.
    18. 0. 3. 21. 0. 6. 0. 0. 6. 3. 0. 6. 6. 0. 6. 9. 0. 6. 12. 0. 6.
    15. 0. 6. 18. 0. 6. 21. 0. 9. 0. 0. 9. 3. 0. 9. 6. 0. 9. 9. 0. 9.
    12. 0. 9. 15. 0. 9. 18. 0. 9. 21. 0. 12. 0. 0. 12. 3. 0. 12. 6. 0.
    12. 9. 0. 12. 12. 0. 12. 15. 0. 12. 18. 0. 12. 21. 0. 15. 0. 0. 15.
    3. 0. 15. 6. 0. 15. 9. 0. 15. 12. 0. 15. 15. 0. 15. 18. 0. 15. 21.
    0. 0. 0. 0. 0. 3. 0. 0. 6. 0. 0. 9. 0. 0. 12. 0. 0. 15. 0. 0. 18. 0.
    0. 21. 0. 3. 0. 0. 3. 3. 0. 3. 6. 0. 3. 9. 0. 3. 12. 0. 3. 15. 0. 3.
    18. 0. 3. 21. 0. 6. 0. 0. 6. 3. 0. 6. 6. 0. 6. 9. 0. 6. 12. 0. 6.
    15. 0. 6. 18. 0. 6. 21. 0. 9. 0. 0. 9. 3. 0. 9. 6. 0. 9. 9. 0. 9.
    12. 0. 9. 15. 0. 9. 18. 0. 9. 21. 0. 12. 0. 0. 12. 3. 0. 12. 6. 0.
    12. 9. 0. 12. 12. 0. 12. 15. 0. 12. 18. 0. 12. 21. 0. 15. 0. 0. 15.
    3. 0. 15. 6. 0. 15. 9. 0. 15. 12. 0. 15. 15. 0. 15. 18. 0. 15. 21.
    0. 0. 0. 0. 0. 3. 0. 0. 6. 0. 0. 9. 0. 0. 12. 0. 0. 15. 0. 0. 18. 0.
    0. 21. 0. 3. 0. 0. 3. 3. 0. 3. 6. 0. 3. 9. 0. 3. 12. 0. 3. 15. 0. 3.
    18. 0. 3. 21. 0. 6. 0. 0. 6. 3. 0. 6. 6. 0. 6. 9. 0. 6. 12. 0. 6.
    15. 0. 6. 18. 0. 6. 21. 0. 9. 0. 0. 9. 3. 0. 9. 6. 0. 9. 9. 0. 9.
    12. 0. 9. 15. 0. 9. 18. 0. 9. 21. 0. 12. 0. 0. 12. 3. 0. 12. 6. 0.
    12. 9. 0. 12. 12. 0. 12. 15. 0. 12. 18. 0. 12. 21. 0. 15. 0. 0. 15.
    3. 0. 15. 6. 0. 15. 9. 0. 15. 12. 0. 15. 15. 0. 15. 18. 0. 15. 21.
    0. 0. 0. 0. 0. 3. 0. 0. 6. 0. 0. 9. 0. 0. 12. 0. 0. 15. 0. 0. 18. 0.
    0. 21. 0. 3. 0. 0. 3. 3. 0. 3. 6. 0. 3. 9. 0. 3. 12. 0. 3. 15. 0. 3.
    18. 0. 3. 21. 0. 6. 0. 0. 6. 3. 0. 6. 6. 0. 6. 9. 0. 6. 12. 0. 6.
    15. 0. 6. 18. 0. 6. 21. 0. 9. 0. 0. 9. 3. 0. 9. 6. 0. 9. 9. 0. 9.
    12. 0. 9. 15. 0. 9. 18. 0. 9. 21. 0. 12. 0. 0. 12. 3. 0. 12. 6. 0.
    12. 9. 0. 12. 12. 0. 12. 15. 0. 12. 18. 0. 12. 21. 0. 15. 0. 0. 15.
    3. 0. 15. 6. 0. 15. 9. 0. 15. 12. 0. 15. 15. 0. 15. 18. 0. 15. 21.
    0. 0. 0. 0. 0. 3. 0. 0. 6. 0. 0. 9. 0. 0. 12. 0. 0. 15. 0. 0. 18. 0.
    0. 21. 0. 3. 0. 0. 3. 3. 0. 3. 6. 0. 3. 9. 0. 3. 12. 0. 3. 15. 0. 3.
    18. 0. 3. 21. 0. 6. 0. 0. 6. 3. 0. 6. 6. 0. 6. 9. 0. 6. 12. 0. 6.
    15. 0. 6. 18. 0. 6. 21. 0. 9. 0. 0. 9. 3. 0. 9. 6. 0. 9. 9. 0. 9.
    12. 0. 9. 15. 0. 9. 18. 0. 9. 21. 0. 12. 0. 0. 12. 3. 0. 12. 6. 0.
    12. 9. 0. 12. 12. 0. 12. 15. 0. 12. 18. 0. 12. 21. 0. 15. 0. 0. 15.
    3. 0. 15. 6. 0. 15. 9. 0. 15. 12. 0. 15. 15. 0. 15. 18. 0. 15. 21.
    0. 0. 0. 0. 0. 3. 0. 0. 6. 0. 0. 9. 0. 0. 12. 0. 0. 15. 0. 0. 18. 0.
    0. 21. 0. 3. 0. 0. 3. 3. 0. 3. 6. 0. 3. 9. 0. 3. 12. 0. 3. 15. 0. 3.
    18. 0. 3. 21. 0. 6. 0. 0. 6. 3. 0. 6. 6. 0. 6. 9. 0. 6. 12. 0. 6.
    15. 0. 6. 18. 0. 6. 21. 0. 9. 0. 0. 9. 3. 0. 9. 6. 0. 9. 9. 0. 9.
    12. 0. 9. 15. 0. 9. 18. 0. 9. 21. 0. 12. 0. 0. 12. 3. 0. 12. 6. 0.
    12. 9. 0. 12. 12. 0. 12. 15. 0. 12. 18. 0. 12. 21. 0. 15. 0. 0. 15.
    3. 0. 15. 6. 0. 15. 9. 0. 15. 12. 0. 15. 15. 0. 15. 18. 0. 15. 21.
    0. 0. 0. 0. 0. 3. 0. 0. 6. 0. 0. 9. 0. 0. 12. 0. 0. 15. 0. 0. 18. 0.
    0. 21. 0. 3. 0. 0. 3. 3. 0. 3. 6. 0. 3. 9. 0. 3. 12. 0. 3. 15. 0. 3.
    18. 0. 3. 21. 0. 6. 0. 0. 6. 3. 0. 6. 6. 0. 6. 9. 0. 6. 12. 0. 6.
    15. 0. 6. 18. 0. 6. 21. 0. 9. 0. 0. 9. 3. 0. 9. 6. 0. 9. 9. 0. 9.
    12. 0. 9. 15. 0. 9. 18. 0. 9. 21. 0. 12. 0. 0. 12. 3. 0. 12. 6. 0.
    12. 9. 0. 12. 12. 0. 12. 15. 0. 12. 18. 0. 12. 21. 0. 15. 0. 0. 15.
    3. 0. 15. 6. 0. 15. 9. 0. 15. 12. 0. 15. 15. 0. 15. 18. 0. 15. 21.
    0. 0. 0. 0. 0. 3. 0. 0. 6. 0. 0. 9. 0. 0. 12. 0. 0. 15. 0. 0. 18. 0.
    0. 21. 0. 3. 0. 0. 3. 3. 0. 3. 6. 0. 3. 9. 0. 3. 12. 0. 3. 15. 0. 3.
    18. 0. 3. 21. 0. 6. 0. 0. 6. 3. 0. 6. 6. 0. 6. 9. 0. 6. 12. 0. 6.
    15. 0. 6. 18. 0. 6. 21. 0. 9. 0. 0. 9. 3. 0. 9. 6. 0. 9. 9. 0. 9.
    12. 0. 9. 15. 0. 9. 18. 0. 9. 21. 0. 12. 0. 0. 12. 3. 0. 12. 6. 0.
    12. 9. 0. 12. 12. 0. 12. 15. 0. 12. 18. 0. 12. 21. 0. 15. 0. 0. 15.
    3. 0. 15. 6. 0. 15. 9. 0. 15. 12. 0. 15. 15. 0. 15. 18. 0. 15. 21.
    0. 0. 0. 0. 0. 3. 0. 0. 6. 0. 0. 9. 0. 0. 12. 0. 0. 15. 0. 0. 18. 0.
    0. 21. 0. 3. 0. 0. 3. 3. 0. 3. 6. 0. 3. 9. 0. 3. 12. 0. 3. 15. 0. 3.
    18. 0. 3. 21. 0. 6. 0. 0. 6. 3. 0. 6. 6. 0. 6. 9. 0. 6. 12. 0. 6.
    15. 0. 6. 18. 0. 6. 21. 0. 9. 0. 0. 9. 3. 0. 9. 6. 0. 9. 9. 0. 9.
    12. 0. 9. 15. 0. 9. 18. 0. 9. 21. 0. 12. 0. 0. 12. 3. 0. 12. 6. 0.
    12. 9. 0. 12. 12. 0. 12. 15. 0. 12. 18. 0. 12. 21. 0. 15. 0. 0. 15.
    3. 0. 15. 6. 0. 15. 9. 0. 15. 12. 0. 15. 15. 0. 15. 18. 0. 15. 21.
    0. 0. 0. 0. 0. 3. 0. 0. 6. 0. 0. 9. 0. 0. 12. 0. 0. 15. 0. 0. 18. 0.
    0. 21. 0. 3. 0. 0. 3. 3. 0. 3. 6. 0. 3. 9. 0. 3. 12. 0. 3. 15. 0. 3.
    18. 0. 3. 21. 0. 6. 0. 0. 6. 3. 0. 6. 6. 0. 6. 9. 0. 6. 12. 0. 6.
    15. 0. 6. 18. 0. 6. 21. 0. 9. 0. 0. 9. 3. 0. 9. 6. 0. 9. 9. 0. 9.
    12. 0. 9. 15. 0. 9. 18. 0. 9. 21. 0. 12. 0. 0. 12. 3. 0. 12. 6. 0.
    12. 9. 0. 12. 12. 0. 12. 15. 0. 12. 18. 0. 12. 21. 0. 15. 0. 0. 15.
    3. 0. 15. 6. 0. 15. 9. 0. 15. 12. 0. 15. 15. 0. 15. 18. 0. 15. 21.
    0. 0. 0. 0. 0. 3. 0. 0. 6. 0. 0. 9. 0. 0. 12. 0. 0. 15. 0. 0. 18. 0.
    0. 21. 0. 3. 0. 0. 3. 3. 0. 3. 6. 0. 3. 9. 0. 3. 12. 0. 3. 15. 0. 3.
    18. 0. 3. 21. 0. 6. 0. 0. 6. 3. 0. 6. 6. 0. 6. 9. 0. 6. 12. 0. 6.
    15. 0. 6. 18. 0. 6. 21. 0. 9. 0. 0. 9. 3. 0. 9. 6. 0. 9. 9. 0. 9.
    12. 0. 9. 15. 0. 9. 18. 0. 9. 21. 0. 12. 0. 0. 12. 3. 0. 12. 6. 0.
    12. 9. 0. 12. 12. 0. 12. 15. 0. 12. 18. 0. 12. 21. 0. 15. 0. 0. 15.
    3. 0. 15. 6. 0. 15. 9. 0. 15. 12. 0. 15. 15. 0. 15. 18. 0. 15. 21.
    0. 0. 0. 0. 0. 3. 0. 0. 6. 0. 0. 9. 0. 0. 12. 0. 0. 15. 0. 0. 18. 0.
    0. 21. 0. 3. 0. 0. 3. 3. 0. 3. 6. 0. 3. 9. 0. 3. 12. 0. 3. 15. 0. 3.
    18. 0. 3. 21. 0. 6. 0. 0. 6. 3. 0. 6. 6. 0. 6. 9. 0. 6. 12. 0. 6.
    15. 0. 6. 18. 0. 6. 21. 0. 9. 0. 0. 9. 3. 0. 9. 6. 0. 9. 9. 0. 9.
    12. 0. 9. 15. 0. 9. 18. 0. 9. 21. 0. 12. 0. 0. 12. 3. 0. 12. 6. 0.
    12. 9. 0. 12. 12. 0. 12. 15. 0. 12. 18. 0. 12. 21. 0. 15. 0. 0. 15.
    3. 0. 15. 6. 0. 15. 9. 0. 15. 12. 0. 15. 15. 0. 15. 18. 0. 15. 21.
    0. 0. 0. 0. 0. 3. 0. 0. 6. 0. 0. 9. 0. 0. 12. 0. 0. 15. 0. 0. 18. 0.
    0. 21. 0. 3. 0. 0. 3. 3. 0. 3. 6. 0. 3. 9. 0. 3. 12. 0. 3. 15. 0. 3.
    18. 0. 3. 21. 0. 6. 0. 0. 6. 3. 0. 6. 6. 0. 6. 9. 0. 6. 12. 0. 6.
    15. 0. 6. 18. 0. 6. 21. 0. 9. 0. 0. 9. 3. 0. 9. 6. 0. 9. 9. 0. 9.
    12. 0. 9. 15. 0. 9. 18. 0. 9. 21. 0. 12. 0. 0. 12. 3. 0. 12. 6. 0.
    12. 9. 0. 12. 12. 0. 12. 15. 0. 12. 18. 0. 12. 21. 0. 15. 0. 0. 15.
    3. 0. 15. 6. 0. 15. 9. 0. 15. 12. 0. 15. 15. 0. 15. 18. 0. 15. 21.
    0. 0. 0. 0. 0. 3. 0. 0. 6. 0. 0. 9. 0. 0. 12. 0. 0. 15. 0. 0. 18. 0.
    0. 21. 0. 3. 0. 0. 3. 3. 0. 3. 6. 0. 3. 9. 0. 3. 12. 0. 3. 15. 0. 3.
    18. 0. 3. 21. 0. 6. 0. 0. 6. 3. 0. 6. 6. 0. 6. 9. 0. 6. 12. 0. 6.
    15. 0. 6. 18. 0. 6. 21. 0. 9. 0. 0. 9. 3. 0. 9. 6. 0. 9. 9. 0. 9.
    12. 0. 9. 15. 0. 9. 18. 0. 9. 21. 0. 12. 0. 0. 12. 3. 0. 12. 6. 0.
    12. 9. 0. 12. 12. 0. 12. 15. 0. 12. 18. 0. 12. 21. 0. 15. 0. 0. 15.
