<?xml version="1.0"?>
<opencv_storage>
<intrinsec type_id="opencv-matrix">
  <rows>3</rows>
  <cols>3</cols>
  <dt>f</dt>
  <data>
    5.68537720e+02 0. 2.85776093e+02 0. 5.68358704e+02 2.62164856e+02 0.
    0. 1.</data></intrinsec>
<distortion type_id="opencv-matrix">
  <rows>4</rows>
  <cols>1</cols>
  <dt>f</dt>
  <data>
    -4.34344308e-03 1.77513063e-01 2.47111614e-03 -1.57373734e-02</data></distortion>
<object_point type_id="opencv-matrix">
  <rows>912</rows>
  <cols>3</cols>
  <dt>f</dt>
  <data>
    0. 0. 0. 0. 3. 0. 0. 6. 0. 0. 9. 0. 0. 12. 0. 0. 15. 0. 0. 18. 0. 0.
    21. 0. 3. 0. 0. 3. 3. 0. 3. 6. 0. 3. 9. 0. 3. 12. 0. 3. 15. 0. 3.
    18. 0. 3. 21. 0. 6. 0. 0. 6. 3. 0. 6. 6. 0. 6. 9. 0. 6. 12. 0. 6.
    15. 0. 6. 18. 0. 6. 21. 0. 9. 0. 0. 9. 3. 0. 9. 6. 0. 9. 9. 0. 9.
    12. 0. 9. 15. 0. 9. 18. 0. 9. 21. 0. 12. 0. 0. 12. 3. 0. 12. 6. 0.
    12. 9. 0. 12. 12. 0. 12. 15. 0. 12. 18. 0. 12. 21. 0. 15. 0. 0. 15.
    3. 0. 15. 6. 0. 15. 9. 0. 15. 12. 0. 15. 15. 0. 15. 18. 0. 15. 21.
    0. 0. 0. 0. 0. 3. 0. 0. 6. 0. 0. 9. 0. 0. 12. 0. 0. 15. 0. 0. 18. 0.
    0. 21. 0. 3. 0. 0. 3. 3. 0. 3. 6. 0. 3. 9. 0. 3. 12. 0. 3. 15. 0. 3.
    18. 0. 3. 21. 0. 6. 0. 0. 6. 3. 0. 6. 6. 0. 6. 9. 0. 6. 12. 0. 6.
    15. 0. 6. 18. 0. 6. 21. 0. 9. 0. 0. 9. 3. 0. 9. 6. 0. 9. 9. 0. 9.
    12. 0. 9. 15. 0. 9. 18. 0. 9. 21. 0. 12. 0. 0. 12. 3. 0. 12. 6. 0.
    12. 9. 0. 12. 12. 0. 12. 15. 0. 12. 18. 0. 12. 21. 0. 15. 0. 0. 15.
    3. 0. 15. 6. 0. 15. 9. 0. 15. 12. 0. 15. 15. 0. 15. 18. 0. 15. 21.
    0. 0. 0. 0. 0. 3. 0. 0. 6. 0. 0. 9. 0. 0. 12. 0. 0. 15. 0. 0. 18. 0.
    0. 21. 0. 3. 0. 0. 3. 3. 0. 3. 6. 0. 3. 9. 0. 3. 12. 0. 3. 15. 0. 3.
    18. 0. 3. 21. 0. 6. 0. 0. 6. 3. 0. 6. 6. 0. 6. 9. 0. 6. 12. 0. 6.
    15. 0. 6. 18. 0. 6. 21. 0. 9. 0. 0. 9. 3. 0. 9. 6. 0. 9. 9. 0. 9.
    12. 0. 9. 15. 0. 9. 18. 0. 9. 21. 0. 12. 0. 0. 12. 3. 0. 12. 6. 0.
    12. 9. 0. 12. 12. 0. 12. 15. 0. 12. 18. 0. 12. 21. 0. 15. 0. 0. 15.
    3. 0. 15. 6. 0. 15. 9. 0. 15. 12. 0. 15. 15. 0. 15. 18. 0. 15. 21.
    0. 0. 0. 0. 0. 3. 0. 0. 6. 0. 0. 9. 0. 0. 12. 0. 0. 15. 0. 0. 18. 0.
    0. 21. 0. 3. 0. 0. 3. 3. 0. 3. 6. 0. 3. 9. 0. 3. 12. 0. 3. 15. 0. 3.
    18. 0. 3. 21. 0. 6. 0. 0. 6. 3. 0. 6. 6. 0. 6. 9. 0. 6. 12. 0. 6.
    15. 0. 6. 18. 0. 6. 21. 0. 9. 0. 0. 9. 3. 0. 9. 6. 0. 9. 9. 0. 9.
    12. 0. 9. 15. 0. 9. 18. 0. 9. 21. 0. 12. 0. 0. 12. 3. 0. 12. 6. 0.
    12. 9. 0. 12. 12. 0. 12. 15. 0. 12. 18. 0. 12. 21. 0. 15. 0. 0. 15.
    3. 0. 15. 6. 0. 15. 9. 0. 15. 12. 0. 15. 15. 0. 15. 18. 0. 15. 21.
    0. 0. 0. 0. 0. 3. 0. 0. 6. 0. 0. 9. 0. 0. 12. 0. 0. 15. 0. 0. 18. 0.
    0. 21. 0. 3. 0. 0. 3. 3. 0. 3. 6. 0. 3. 9. 0. 3. 12. 0. 3. 15. 0. 3.
    18. 0. 3. 21. 0. 6. 0. 0. 6. 3. 0. 6. 6. 0. 6. 9. 0. 6. 12. 0. 6.
    15. 0. 6. 18. 0. 6. 21. 0. 9. 0. 0. 9. 3. 0. 9. 6. 0. 9. 9. 0. 9.
    12. 0. 9. 15. 0. 9. 18. 0. 9. 21. 0. 12. 0. 0. 12. 3. 0. 12. 6. 0.
    12. 9. 0. 12. 12. 0. 12. 15. 0. 12. 18. 0. 12. 21. 0. 15. 0. 0. 15.
    3. 0. 15. 6. 0. 15. 9. 0. 15. 12. 0. 15. 15. 0. 15. 18. 0. 15. 21.
    0. 0. 0. 0. 0. 3. 0. 0. 6. 0. 0. 9. 0. 0. 12. 0. 0. 15. 0. 0. 18. 0.
    0. 21. 0. 3. 0. 0. 3. 3. 0. 3. 6. 0. 3. 9. 0. 3. 12. 0. 3. 15. 0. 3.
    18. 0. 3. 21. 0. 6. 0. 0. 6. 3. 0. 6. 6. 0. 6. 9. 0. 6. 12. 0. 6.
    15. 0. 6. 18. 0. 6. 21. 0. 9. 0. 0. 9. 3. 0. 9. 6. 0. 9. 9. 0. 9.
    12. 0. 9. 15. 0. 9. 18. 0. 9. 21. 0. 12. 0. 0. 12. 3. 0. 12. 6. 0.
    12. 9. 0. 12. 12. 0. 12. 15. 0. 12. 18. 0. 12. 21. 0. 15. 0. 0. 15.
    3. 0. 15. 6. 0. 15. 9. 0. 15. 12. 0. 15. 15. 0. 15. 18. 0. 15. 21.
    0. 0. 0. 0. 0. 3. 0. 0. 6. 0. 0. 9. 0. 0. 12. 0. 0. 15. 0. 0. 18. 0.
    0. 21. 0. 3. 0. 0. 3. 3. 0. 3. 6. 0. 3. 9. 0. 3. 12. 0. 3. 15. 0. 3.
    18. 0. 3. 21. 0. 6. 0. 0. 6. 3. 0. 6. 6. 0. 6. 9. 0. 6. 12. 0. 6.
    15. 0. 6. 18. 0. 6. 21. 0. 9. 0. 0. 9. 3. 0. 9. 6. 0. 9. 9. 0. 9.
    12. 0. 9. 15. 0. 9. 18. 0. 9. 21. 0. 12. 0. 0. 12. 3. 0. 12. 6. 0.
    12. 9. 0. 12. 12. 0. 12. 15. 0. 12. 18. 0. 12. 21. 0. 15. 0. 0. 15.
    3. 0. 15. 6. 0. 15. 9. 0. 15. 12. 0. 15. 15. 0. 15. 18. 0. 15. 21.
    0. 0. 0. 0. 0. 3. 0. 0. 6. 0. 0. 9. 0. 0. 12. 0. 0. 15. 0. 0. 18. 0.
    0. 21. 0. 3. 0. 0. 3. 3. 0. 3. 6. 0. 3. 9. 0. 3. 12. 0. 3. 15. 0. 3.
    18. 0. 3. 21. 0. 6. 0. 0. 6. 3. 0. 6. 6. 0. 6. 9. 0. 6. 12. 0. 6.
    15. 0. 6. 18. 0. 6. 21. 0. 9. 0. 0. 9. 3. 0. 9. 6. 0. 9. 9. 0. 9.
    12. 0. 9. 15. 0. 9. 18. 0. 9. 21. 0. 12. 0. 0. 12. 3. 0. 12. 6. 0.
    12. 9. 0. 12. 12. 0. 12. 15. 0. 12. 18. 0. 12. 21. 0. 15. 0. 0. 15.
    3. 0. 15. 6. 0. 15. 9. 0. 15. 12. 0. 15. 15. 0. 15. 18. 0. 15. 21.
    0. 0. 0. 0. 0. 3. 0. 0. 6. 0. 0. 9. 0. 0. 12. 0. 0. 15. 0. 0. 18. 0.
    0. 21. 0. 3. 0. 0. 3. 3. 0. 3. 6. 0. 3. 9. 0. 3. 12. 0. 3. 15. 0. 3.
    18. 0. 3. 21. 0. 6. 0. 0. 6. 3. 0. 6. 6. 0. 6. 9. 0. 6. 12. 0. 6.
    15. 0. 6. 18. 0. 6. 21. 0. 9. 0. 0. 9. 3. 0. 9. 6. 0. 9. 9. 0. 9.
    12. 0. 9. 15. 0. 9. 18. 0. 9. 21. 0. 12. 0. 0. 12. 3. 0. 12. 6. 0.
    12. 9. 0. 12. 12. 0. 12. 15. 0. 12. 18. 0. 12. 21. 0. 15. 0. 0. 15.
    3. 0. 15. 6. 0. 15. 9. 0. 15. 12. 0. 15. 15. 0. 15. 18. 0. 15. 21.
    0. 0. 0. 0. 0. 3. 0. 0. 6. 0. 0. 9. 0. 0. 12. 0. 0. 15. 0. 0. 18. 0.
    0. 21. 0. 3. 0. 0. 3. 3. 0. 3. 6. 0. 3. 9. 0. 3. 12. 0. 3. 15. 0. 3.
    18. 0. 3. 21. 0. 6. 0. 0. 6. 3. 0. 6. 6. 0. 6. 9. 0. 6. 12. 0. 6.
    15. 0. 6. 18. 0. 6. 21. 0. 9. 0. 0. 9. 3. 0. 9. 6. 0. 9. 9. 0. 9.
    12. 0. 9. 15. 0. 9. 18. 0. 9. 21. 0. 12. 0. 0. 12. 3. 0. 12. 6. 0.
    12. 9. 0. 12. 12. 0. 12. 15. 0. 12. 18. 0. 12. 21. 0. 15. 0. 0. 15.
    3. 0. 15. 6. 0. 15. 9. 0. 15. 12. 0. 15. 15. 0. 15. 18. 0. 15. 21.
    0. 0. 0. 0. 0. 3. 0. 0. 6. 0. 0. 9. 0. 0. 12. 0. 0. 15. 0. 0. 18. 0.
    0. 21. 0. 3. 0. 0. 3. 3. 0. 3. 6. 0. 3. 9. 0. 3. 12. 0. 3. 15. 0. 3.
    18. 0. 3. 21. 0. 6. 0. 0. 6. 3. 0. 6. 6. 0. 6. 9. 0. 6. 12. 0. 6.
    15. 0. 6. 18. 0. 6. 21. 0. 9. 0. 0. 9. 3. 0. 9. 6. 0. 9. 9. 0. 9.
    12. 0. 9. 15. 0. 9. 18. 0. 9. 21. 0. 12. 0. 0. 12. 3. 0. 12. 6. 0.
    12. 9. 0. 12. 12. 0. 12. 15. 0. 12. 18. 0. 12. 21. 0. 15. 0. 0. 15.
    3. 0. 15. 6. 0. 15. 9. 0. 15. 12. 0. 15. 15. 0. 15. 18. 0. 15. 21.
    0. 0. 0. 0. 0. 3. 0. 0. 6. 0. 0. 9. 0. 0. 12. 0. 0. 15. 0. 0. 18. 0.
    0. 21. 0. 3. 0. 0. 3. 3. 0. 3. 6. 0. 3. 9. 0. 3. 12. 0. 3. 15. 0. 3.
    18. 0. 3. 21. 0. 6. 0. 0. 6. 3. 0. 6. 6. 0. 6. 9. 0. 6. 12. 0. 6.
    15. 0. 6. 18. 0. 6. 21. 0. 9. 0. 0. 9. 3. 0. 9. 6. 0. 9. 9. 0. 9.
    12. 0. 9. 15. 0. 9. 18. 0. 9. 21. 0. 12. 0. 0. 12. 3. 0. 12. 6. 0.
    12. 9. 0. 12. 12. 0. 12. 15. 0. 12. 18. 0. 12. 21. 0. 15. 0. 0. 15.
    3. 0. 15. 6. 0. 15. 9. 0. 15. 12. 0. 15. 15. 0. 15. 18. 0. 15. 21.
    0. 0. 0. 0. 0. 3. 0. 0. 6. 0. 0. 9. 0. 0. 12. 0. 0. 15. 0. 0. 18. 0.
    0. 21. 0. 3. 0. 0. 3. 3. 0. 3. 6. 0. 3. 9. 0. 3. 12. 0. 3. 15. 0. 3.
    18. 0. 3. 21. 0. 6. 0. 0. 6. 3. 0. 6. 6. 0. 6. 9. 0. 6. 12. 0. 6.
    15. 0. 6. 18. 0. 6. 21. 0. 9. 0. 0. 9. 3. 0. 9. 6. 0. 9. 9. 0. 9.
    12. 0. 9. 15. 0. 9. 18. 0. 9. 21. 0. 12. 0. 0. 12. 3. 0. 12. 6. 0.
    12. 9. 0. 12. 12. 0. 12. 15. 0. 12. 18. 0. 12. 21. 0. 15. 0. 0. 15.
    3. 0. 15. 6. 0. 15. 9. 0. 15. 12. 0. 15. 15. 0. 15. 18. 0. 15. 21.
    0. 0. 0. 0. 0. 3. 0. 0. 6. 0. 0. 9. 0. 0. 12. 0. 0. 15. 0. 0. 18. 0.
    0. 21. 0. 3. 0. 0. 3. 3. 0. 3. 6. 0. 3. 9. 0. 3. 12. 0. 3. 15. 0. 3.
    18. 0. 3. 21. 0. 6. 0. 0. 6. 3. 0. 6. 6. 0. 6. 9. 0. 6. 12. 0. 6.
    15. 0. 6. 18. 0. 6. 21. 0. 9. 0. 0. 9. 3. 0. 9. 6. 0. 9. 9. 0. 9.
    12. 0. 9. 15. 0. 9. 18. 0. 9. 21. 0. 12. 0. 0. 12. 3. 0. 12. 6. 0.
    12. 9. 0. 12. 12. 0. 12. 15. 0. 12. 18. 0. 12. 21. 0. 15. 0. 0. 15.
    3. 0. 15. 6. 0. 15. 9. 0. 15. 12. 0. 15. 15. 0. 15. 18. 0. 15. 21.
    0. 0. 0. 0. 0. 3. 0. 0. 6. 0. 0. 9. 0. 0. 12. 0. 0. 15. 0. 0. 18. 0.
    0. 21. 0. 3. 0. 0. 3. 3. 0. 3. 6. 0. 3. 9. 0. 3. 12. 0. 3. 15. 0. 3.
    18. 0. 3. 21. 0. 6. 0. 0. 6. 3. 0. 6. 6. 0. 6. 9. 0. 6. 12. 0. 6.
    15. 0. 6. 18. 0. 6. 21. 0. 9. 0. 0. 9. 3. 0. 9. 6. 0. 9. 9. 0. 9.
    12. 0. 9. 15. 0. 9. 18. 0. 9. 21. 0. 12. 0. 0. 12. 3. 0. 12. 6. 0.
    12. 9. 0. 12. 12. 0. 12. 15. 0. 12. 18. 0. 12. 21. 0. 15. 0. 0. 15.
