<?xml version="1.0"?>
<opencv_storage>
<Fundamental type_id="opencv-matrix">
  <rows>3</rows>
  <cols>3</cols>
  <dt>f</dt>
  <data>
    1.14781540e-006 1.11127338e-005 -5.63010480e-003 2.13935000e-005
    -5.38287077e-006 -0.06146124 -4.20489162e-003 0.05521810 1.</data></Fundamental>
</opencv_storage>
